0 0.7705904789900624 0.3619473423975341 0.17631830961346495 0.11685610079440079
14 0.5551571589288313 0.4174734588904371 0.35666079501690234 0.4345084400657813
5 0.507645757490548 0.2361329290315234 0.07976131885963322 0.11949852867024724
6 0.18202398520562857 0.2243462896869891 0.13292155872088107 0.15673260872402084
7 0.7265555855501289 0.7483311032821971 0.09898211689164538 0.20114327696793802
10 0.6434500468197277 0.7240971190256342 0.034871080632075446 0.14299814803105376
8 0.6656974432114333 0.24967567381586564 0.07939568319547019 0.1222022784875395
9 0.2680392601253454 0.7399061976646617 0.05439032288899168 0.06767551809632086
1 0.3143907143270266 0.3928306910850856 0.10346180188354642 0.14000655669659
12 0.7112149014186298 0.4194442889685128 0.11786076675473345 0.29881561431760323
