6 0.08865496825328718 0.7333590923054054 0.12101612980844216 0.13534605748513642
5 0.11065464072873228 0.3420840689079545 0.10420851221854818 0.1252326876190072
0 0.5981309317536032 0.4867005772552959 0.13154705741903217 0.2111762468928694
7 0.5215503657205647 0.2747803531147789 0.13034938140603058 0.16644635546173658
9 0.4836862692729609 0.5816540009815405 0.054791341024125806 0.06818427646059333
11 0.4154807453338447 0.21115514271196523 0.0376809920670747 0.052934802873973785
12 0.7734483755598508 0.6045399892445573 0.20957158224305084 0.16835649404219688
10 0.6034343065526862 0.3721251902759706 0.10461718161081834 0.09091759362871976
13 0.7787187131293616 0.7047104515761577 0.2819781706918273 0.3203927115288373
14 0.26792688885461224 0.7308796748022096 0.39024928400077064 0.5382406503955808
