8 0.8030413349450751 0.7420006319969249 0.10680314938141566 0.13644611371296747
11 0.5377267078198191 0.4054306650101529 0.04045270628517772 0.05394310484789189
9 0.773877059342883 0.4153285441309358 0.0512430262666731 0.0628868509118552
13 0.17036695413672673 0.5855820809036786 0.2833041032547607 0.33359271038823485
7 0.38046380831374904 0.5449733095382018 0.13653453750943007 0.12937971651872204
1 0.8248230190189516 0.30863926445713274 0.08869421001393829 0.18478828354415855
12 0.11623915377960307 0.2872037640512016 0.23247830755920615 0.14115391993903725
6 0.748046651704662 0.49279631275394054 0.12313374727066029 0.15478458057842853
0 0.436571071444393 0.3014794909085923 0.1778685214595781 0.059802062722646876
10 0.8502300464577337 0.7093514481788672 0.07949431036195997 0.13438902176647513
