5 0.7590354507777404 0.22034624407375603 0.07441065600614216 0.10392843431489618
6 0.12510297884176957 0.25019730760001724 0.11893650713258616 0.13100271083676507
11 0.6799754344276239 0.19331173955014502 0.042576233065516056 0.05799185403994955
9 0.17287704775705837 0.207837190505612 0.05457543922251873 0.06748535745416395
13 0.21639446194067205 0.7768752572185978 0.32675239641220394 0.43669839003480787
1 0.3832693699928892 0.26710581983523896 0.050725745825573654 0.19009377234448255
12 0.21614388571465964 0.32853321415652004 0.134068804723663 0.2921857817234792
8 0.9050877084212405 0.3759717141339636 0.11141538009729446 0.12498599373399177
7 0.5123925993530201 0.48819480777203117 0.14719881507948762 0.21911259008848027
10 0.8481421741320807 0.7474417805651845 0.034282617397516035 0.147626735679034
