6 0.33637127057074245 0.7261401345968197 0.10957545251490985 0.15831934027197986
7 0.4250505780983745 0.7672733165049125 0.07352915989994613 0.16119361168476307
1 0.5376357066914466 0.7095327379203797 0.12763513594731984 0.11271269541974452
10 0.22710278297991413 0.4659677782675563 0.10965306197519181 0.05052433224015074
5 0.6773083079096638 0.5650949246313139 0.07947086429872785 0.08668156933481236
8 0.1699492305677352 0.5510161202948924 0.10595797569935539 0.11831706337509912
11 0.5152730013309835 0.5489296326119176 0.04102126354112179 0.05521914102574377
9 0.7962238457256756 0.2963313122902633 0.059657465782753105 0.07054656922935443
12 0.24916767112237925 0.3280964170906764 0.13181101604296988 0.30268294552717967
13 0.720474474805801 0.7062485684283887 0.2835226029203082 0.3326709569013542
