13 0.10546899922494941 0.7063844572602729 0.21093799844989883 0.2789055908284238
5 0.248670647953657 0.39043199331621137 0.07453170807134743 0.10084331279465308
0 0.32634441702668765 0.5481930808587773 0.17409614932880188 0.16753916013544684
11 0.7716012706457874 0.6152837752343691 0.04415637200495448 0.05548766089646395
9 0.12190869945722609 0.6595566432261556 0.060483306232215955 0.0728081646943805
1 0.5422393977929705 0.3763065970566224 0.12430143076629024 0.04842280087368345
10 0.8939773089586314 0.7396061272885851 0.053518321882830566 0.16131294213889238
6 0.8431332020832814 0.5290776748939557 0.11368137369308318 0.12719743317509463
7 0.13692944377304825 0.7564125226830969 0.11703983390750351 0.18873860420443175
12 0.4359358704848523 0.5796914360042124 0.13161963618241423 0.3229470573386342
