8 0.7452991890332996 0.19712409765934025 0.11143358177329699 0.14666577683923043
9 0.9232463234504629 0.45539639004847676 0.05590369806996154 0.0617803264391813
7 0.2646980413437059 0.7051453363425377 0.12983017563938742 0.13719456047993256
12 0.8182338761604129 0.2725291590986342 0.18716567863168354 0.31407184210509276
0 0.7165522101522364 0.7043398610658568 0.06998697371528051 0.23100757331377147
5 0.8768534596269784 0.35444135235604934 0.10593254542864716 0.1048428665338006
11 0.5897424074579862 0.6043415701240554 0.040620169207600476 0.05478577221990727
6 0.5367815691013423 0.6119177597221792 0.0952253489047244 0.13843320303282536
10 0.4669087132524298 0.4890025061812284 0.10511771055312641 0.08600457108645909
1 0.23114018413233448 0.631978311673395 0.14174810529135745 0.08143427782512319
