7 0.7614152110231288 0.7280531392966916 0.12543203044379037 0.16978396311648244
12 0.10683067493429989 0.3991065340966149 0.12677190760163695 0.2864910474034673
6 0.2905604943243494 0.22145605565394444 0.10828407963105804 0.14924367041638964
10 0.5531293201944962 0.653809543105121 0.1120278226471435 0.07317871413809918
1 0.8459383268485324 0.6845600466071994 0.06496763610984368 0.16800798492146335
9 0.30824657875514216 0.42281963383638 0.05530943786976644 0.0717197332781605
13 0.7232937057819722 0.2923892513853099 0.2975456917429241 0.38010576868707513
0 0.8558562419707318 0.6841230873677587 0.044941263868846115 0.20485933422697022
5 0.44711654852895005 0.6016761537602084 0.07171679783808294 0.10690236594281599
11 0.32990670381002607 0.4898681785645054 0.040980849358622506 0.05244110587299977
