14 0.7894755270072119 0.6372567115843472 0.4210489459855762 0.5618502376890142
12 0.7416929499845848 0.5722433787331282 0.1486172367738403 0.3046471859545307
6 0.13157614847720495 0.21771927579544093 0.11927609151754259 0.15496899356467708
10 0.165082193779618 0.6796903415222048 0.09326830875358849 0.09725023641034031
9 0.45385550330064134 0.43021901726784717 0.05141394867851179 0.06529838182112924
7 0.15169347608936667 0.5469561865543886 0.14117547496513785 0.18503109825819053
5 0.2276869789200308 0.6512190881599252 0.07436584481061156 0.0938129567125709
11 0.7476326475667407 0.36842497698359256 0.042269558061430956 0.05215949645711071
0 0.4949793070792653 0.466515358114413 0.1114482043117086 0.19010077801147623
8 0.08682786230220935 0.5244286956877683 0.10472160192417825 0.11548000619550186
