11 0.06934322981678934 0.33167581540862257 0.04385882132106076 0.05075042248315553
14 0.5696645186771013 0.42313802541595 0.39987802474894135 0.5166510216144256
10 0.49833283834515324 0.7851132567649957 0.08962532726127936 0.12902019689817215
6 0.20943711024852807 0.4022890113773947 0.11602533101950396 0.12721807265170715
1 0.33748246839760865 0.6556889059274464 0.07337280840045496 0.1737466133604179
5 0.6431740786830513 0.46640644950462073 0.08370120794315172 0.09062312492340596
7 0.49465180563224065 0.3914631050879749 0.10712914363847131 0.18634406102890722
0 0.7592742099956571 0.7840748438048109 0.1375158291853661 0.20882851779320505
12 0.13405264477836082 0.45151252942662634 0.18411130441723705 0.2041249559390103
9 0.5077600751869968 0.7352275569660108 0.05152421037485022 0.07650254855631214
