12 0.715776259760417 0.20906057131714295 0.12584508005449635 0.2801105573772801
8 0.25260991726285703 0.49839818379364587 0.11143639175834133 0.13244525359668224
1 0.21249849646135904 0.7426648275482431 0.05040546760137904 0.18030295470770413
5 0.43098353021782543 0.5546340665951256 0.081158926062814 0.09357336076023642
14 0.8363292043942598 0.600399918761036 0.3273415912114802 0.5040976419022754
6 0.9143056160674627 0.6037926503200655 0.11842559380983675 0.14005597712676482
0 0.5961997927151406 0.367533163382996 0.07973901035174191 0.2221043593001395
11 0.23464027833252465 0.6106507157532142 0.040611111803391164 0.050112033330023675
9 0.3437413669247054 0.3889804886523298 0.05191789409635361 0.06571116466300786
10 0.5034754572466298 0.3202116056465856 0.10515641977058543 0.0806486421895174
7 0.7089666095209758 0.4421475219705622 0.08153871695673298 0.14818594857927397
