12 0.749509122401073 0.6268849607104174 0.20860002208397754 0.18718016113165858
10 0.16400887199919925 0.7196846562786969 0.03658503037874489 0.14278575054536818
7 0.39567316395555646 0.628091048198022 0.12955739176689585 0.19550830789317175
5 0.3587905698779451 0.3526317908490004 0.08157222754368637 0.11952207211688137
0 0.724559352358921 0.7987453091138359 0.1643788909848205 0.13575697547628254
6 0.30198829537584204 0.4780516018537805 0.11295693505981197 0.13039797290246252
1 0.8026260272314908 0.23990707202357353 0.13925679442926997 0.07882710570830098
9 0.5648135305267246 0.8053590217878583 0.05003301446463182 0.0770722718739559
11 0.7107872698203446 0.6779448530006781 0.04191777094202953 0.05458541309395354
8 0.7195694913555923 0.24244412911216084 0.09462064783542734 0.11735901716104824
