12 0.8101781105873798 0.7166486134765271 0.1576147027873508 0.30884834280088413
14 0.23059283798864602 0.29796788919499984 0.43419274939223346 0.5688512138389283
10 0.23980093528894364 0.8111059946912444 0.05120601179278328 0.1579036522836612
11 0.06923983082105821 0.6442811432998313 0.04342470295593629 0.050397173773053805
6 0.11344475379728292 0.5750726310693139 0.11601722200020136 0.11671399777404345
0 0.07681443431429456 0.6098635569391908 0.10781438119624823 0.2051618637278651
9 0.24395591395319516 0.5719393708471212 0.05095863306407489 0.0618213181588006
13 0.6388700847505804 0.2568020931909316 0.23104159943176816 0.30177630099652586
5 0.2252871982876976 0.26817646341073964 0.09045301893097024 0.11254170402893893
7 0.6451864064280635 0.2966326638015335 0.13010088616374393 0.17440765240467082
