11 0.8029634608622989 0.4914831621672531 0.030759096183084922 0.036704103338853655
4 0.4786547727758379 0.7315865217930484 0.1291881822981873 0.10042684508677413
1 0.2720550298440375 0.8061611695916238 0.05303642618061366 0.15671057417264012
5 0.24564999045786273 0.7420960101133277 0.04452057035586257 0.0603706496687528
0 0.23125672032949793 0.23531047225629287 0.06176900386885115 0.1339435793895537
13 0.4636324389276897 0.26225933633502585 0.2700487649844981 0.38879744476905587
8 0.2112601849347034 0.6940488576097815 0.06980645607176436 0.08949634455999683
9 0.44570043686680616 0.6155613187424936 0.033135132262989864 0.0477800422710104
14 0.5918881021114174 0.5694595670922429 0.20705895250917977 0.26050162414981265
15 0.22550765354209953 0.5 0.45101530708419907 1.0
