0 0.8267583164725352 0.20545197110416458 0.08715168231636794 0.12363148107798039
9 0.7143931922596468 0.25861303081643894 0.04203966670077408 0.05410809141668049
14 0.809184884314256 0.7026663716899016 0.1834659894700269 0.25309846971552075
6 0.10162772109880817 0.5699264328553078 0.057963006595730976 0.06942246022797782
7 0.26046771085376663 0.5917414351541801 0.06662122051036895 0.0615185591860366
10 0.2014903414601199 0.4537163697508889 0.09675816004694623 0.10195686170798135
1 0.32260639654541634 0.6138482339320125 0.10580517242014831 0.0965058368448129
4 0.5046209386745772 0.2981713565855625 0.044238610308406257 0.15439720544569258
2 0.2821538616835376 0.3011730273487643 0.13644269523672178 0.10931182633925862
15 0.43385920284010543 0.5 0.7408181402268786 1.0
