9 0.4688004642792261 0.7160549864778332 0.04114927945545177 0.053473681687152386
14 0.6440171113125555 0.6045451405128014 0.20965690978641371 0.26464945348351715
7 0.20316640094938757 0.27296198675670524 0.05491987612526156 0.07850796632244206
8 0.8358930249198897 0.6373638061336799 0.0824351620357443 0.09504369481068209
1 0.4566015387043498 0.49386008042666063 0.08745606771453074 0.06959030818442846
0 0.46613269720587525 0.792876053996232 0.09944229658908355 0.115313306432474
10 0.17105037074037155 0.5756878503084184 0.08831333047659859 0.08312856244027905
4 0.32027245400089843 0.4543979160237872 0.08247806896485477 0.11175723220005745
11 0.5250903459847425 0.7643168372611893 0.029662755957825415 0.04221838271006087
15 0.3447992960569307 0.5 0.6895985921138614 1.0
