5 0.45855503002350106 0.8033592497231201 0.04395959499441665 0.05755954242548139
11 0.8913895246779588 0.53535743592583 0.032638907953996044 0.03806886476496463
4 0.24293797985792867 0.343708099047209 0.07665782919382697 0.12017556355462233
9 0.8971456274613379 0.6195807010184708 0.04876547718096891 0.05918623597052547
8 0.27693061100812255 0.5872959529063827 0.0655846671558103 0.07576476546140831
1 0.3771576130667199 0.36774939268455475 0.13085681612163957 0.12423830465838648
10 0.632649829435649 0.38247685106005935 0.054497813571698694 0.12020282432548168
14 0.30992513019784057 0.5966899188817771 0.17578905890552587 0.23230499813620542
0 0.440374564438464 0.7121470998794364 0.12752043139062424 0.10708100751018906
15 0.20967195563639415 0.5 0.4193439112727883 1.0
