10 0.7453288940325966 0.551193321998791 0.0919248445745583 0.032624197476974426
13 0.4509022844916972 0.4053272151139883 0.2685632550630117 0.3615243690084515
8 0.34767171306869415 0.7508749752993138 0.06610936874343731 0.08358259503612628
9 0.44207554710399 0.27061631746309445 0.0295391092001423 0.04231070112850244
5 0.5508575749471352 0.7488728160183706 0.03488386896375728 0.0457738978893496
7 0.3207414552592842 0.19244571087663687 0.052374090931313955 0.07073647370737124
1 0.17029899200472529 0.6413068754929506 0.11239493548989593 0.09841573074077398
11 0.8817004507298565 0.523879294916114 0.03252967278972596 0.03795075931817826
4 0.8755992256710982 0.3819026895407842 0.11619832921154138 0.11642919271754149
14 0.8655015503289147 0.769481646279895 0.1717056792486057 0.20699168241978796
