5 0.09317923476228804 0.7758579821029228 0.036095140622423263 0.04284119037577366
11 0.6669049607568043 0.5121621491118277 0.03145431388465114 0.040405615974104137
10 0.8418649295583235 0.5512437735679234 0.13283674471744367 0.047368988545476
1 0.2686318951386942 0.4740281017446182 0.1263809835605025 0.09110856653545724
0 0.08579359091785424 0.7738333424335824 0.08064100738758001 0.10759128895860506
2 0.26414381851470203 0.25853321709030086 0.10481851015205951 0.08840126970594797
7 0.3086114640255465 0.790013678083184 0.05867205798837777 0.06342072157553694
4 0.3645379209857532 0.4105805145592545 0.04651834900915314 0.16209991362853493
9 0.8186019296827702 0.41040595256210954 0.03973956714406823 0.04863317484727003
8 0.193392178055739 0.38941033629769817 0.0623406371023045 0.06883142306921985
